2062
1280
8507
9570
7173
1051
1327
4696
2322
394
6058
2743
7111
8432
9759
5766
8354
1148
4941
5389
7122
531
836
4632
1495
9495
678
7477
9464
2260
6018
1185
1165
555
3144
2346
8722
7156
7831
8803
9509
1222
477
4829
4781
8182
8630
7595
8973
5912
1971
6227
4522
3790
2732
3115
416
2651
7576
6391
3980
201
7008
77
7023
7464
852
6787
8099
5928
1726
1197
1483
3681
2731
7678
8808
2167
6915
4660
2246
210
575
8504
4261
4346
475
474
8977
7394
8261
4932
3505
534
7983
9325
9546
2133
2552
8978
1569
3847
6165
8868
2539
838
711
7012
4601
1063
9768
5662
8391
6931
4622
5404
8209
6612
3514
46
2345
2093
4633
9300
2392
7260
5120
7469
7499
43
9344
1305
2292
4824
5784
2240
3851
5374
148
7229
4034
9163
561
96
6000
377
3344
9547
7317
7786
5430
5812
4257
222
1246
7064
4700
2998
5338
9297
9413
7712
3220
3135
4142
3436
3536
5767
2590
8019
875
7169
5564
6269
2634
2058
6664
4471
8109
4092
5106
3602
742
7738
2661
6368
3947
6807
1980
1346
9470
4427
2941
9818
6994
4562
9644
7860
5250
830
3234
6791
1126
5215
6729
9359
5213
8684
7841
5621
4853
5382
3204
6779
153
9329
1773
3635
7236
408
2682
3565
7224
7695
355
757
1612
6590
4217
2784
3857
8579
5664
5431
7638
6251
3867
6190
8435
1487
4099
2689
6800
292
1959
2415
1294
9660
8583
6867
8553
657
5922
1210
4443
5895
6472
2979
9132
2293
4367
1435
3903
2636
3190
1199
6570
1840
3111
5808
3200
6124
5345
5107
5867
5113
7544
482
7094
8821
5652
5279
3784
3165
5102
9837
6468
4448
3443
6538
9824
9275
1449
2020
8256
3540
7800
3893
7912
9168
5931
3927
2232
1067
4212
7234
3287
483
5234
7842
8592
3588
7682
1265
508
6758
4506
1912
6642
5306
9450
1384
6873
6373
2298
8253
7590
9149
1426
2741
8270
205
7401
5462
623
5370
9239
9379
4542
3259
5125
3891
8598
7940
9478
2884
5385
7150
8445
6146
6288
5832
2508
5586
8890
2378
7743
5021
9490
6031
7814
4267
6354
2866
2336
7939
6266
6742
4418
8370
3763
5591
7162
4323
541
9230
2076
6213
2143
2654
6157
2029
8581
3040
6099
5415
4631
4812
6896
6395
3988
6201
5111
9890
9582
5903
4334
7380
471
3684
5774
1598
3814
9437
4470
9550
3393
8518
221
7601
1008
7849
2787
6214
6374
7029
9586
2861
2886
6777
5470
5088
8627
4569
5472
8520
3235
9269
4069
8491
9944
2112
961
3316
2357
2147
7687
1237
3926
6371
3487
6094
2137
3531
4778
3854
3680
4798
8400
552
6289
6721
6551
4197
4452
5798
7649
3835
6112
3523
4177
7992
7780
2699
4987
98
4959
8726
1945
4576
6522
2667
5446
341
6177
1929
4431
3229
2171
4797
8921
105
8257
5017
5551
5360
7673
3953
9541
7852
3359
5580
4871
6871
1030
9693
3596
5510
5433
2101
7168
344
1681
5868
6407
9525
5268
7272
9815
786
3717
2857
2488
2304
4906
4617
3715
9394
1752
99
7281
1269
1938
9487
806
4210
3027
7751
1949
3297
5930
5926
6066
6615
7683
5010
2960
2179
4748
1765
9488
5541
9483
2512
4121
4935
9408
1337
5030
8171
3100
512
8116
1261
3326
6768
6552
1844
6932
496
4921
8323
9016
440
3544
3053
4013
9655
4942
5695
9217
6603
3218
1808
4196
9833
3519
698
1322
1586
5259
5369
5393
2263
4510
733
5225
2022
4237
524
9740
7271
3865
1432
5122
8792
2489
2614
3882
1593
9585
7390
4547
7674
8298
9200
754
516
8446
5679
494
8584
8369
2643
2594
3122
1861
7000
3156
289
7762
9054
8092
5935
8127
3731
8397
1218
5301
3494
1271
1316
6845
798
4867
1103
2855
4595
6968
7933
2897
3769
5116
4883
8306
1191
699
7004
8713
5630
4729
2560
22
9001
6770
8457
3931
6565
2638
5371
3945
7540
3389
1870
5266
658
9823
3659
6715
7873
8706
2069
7248
4390
6023
8040
5491
2781
3860
9933
8490
9960
7909
8153
402
2124
1145
7185
9465
7110
1901
1170
4138
4398
3764
2854
4473
2608
2839
9701
6801
5648
1841
7467
6248
5180
5778
4513
9134
4577
7042
6169
8616
9442
1098
9667
195
3425
9628
6024
6902
5141
9654
1718
5157
1378
3728
9842
1350
3123
1252
9970
5204
3714
884
8386
3079
2640
7707
8425
1262
4306
9396
6528
4600
2464
454
5134
5170
7525
1566
246
3361
6980
8228
6723
5847
310
1648
887
4937
5583
4407
7930
7417
4185
9522
8443
2350
976
4804
677
801
4963
2999
3236
2445
4083
1692
9199
8189
3301
7975
4535
3391
3441
5392
5398
1580
5269
4682
2374
3221
6814
1003
1311
302
5863
969
5421
2316
6005
6654
5827
767
7277
5762
6582
3014
7726
1254
2184
5516
6975
3333
4527
9900
3841
7298
1312
4075
9736
9695
2479
6498
2207
5833
8284
6299
4862
8339
6191
1383
4679
7061
3492
9549
5982
5526
9448
3752
6916
1582
4566
3842
2227
6403
8962
9789
8982
7977
8240
7947
2847
7461
2533
2152
2178
5380
6398
3701
2946
188
2017
6034
710
9915
7796
5078
7660
9714
9600
6736
9188
3734
4607
6917
6611
7903
4153
7572
529
2511
9811
3806
8385
3149
311
4970
7356
6798
9024
569
6417
4993
6187
5723
7190
2206
4978
2525
6866
4214
3067
5857
9595
5906
9460
3198
4404
3037
8310
1002
6838
342
1551
4714
8142
4845
9112
7050
9579
6836
1497
6140
8501
9822
6198
6898
4866
5682
2825
6202
8259
6151
240
352
853
659
4593
4909
6825
8636
2188
5038
3736
2299
4403
8483
8141
5298
9998
1121
7222
2709
1806
5121
299
996
9148
7196
3011
7386
5844
1866
951
2120
6229
7808
5247
9792
5544
60
6724
8329
1634
7300
6718
9986
7506
3863
2786
9201
7019
251
4063
8500
6136
2320
6447
7104
8697
791
7100
1463
6535
6387
9750
6531
6584
4189
109
3660
3506
4643
269
3713
790
6382
4708
55
5565
4019
652
1319
8641
8552
7567
3127
5623
7037
5257
1031
140
8957
8315
4070
8433
2435
3118
4123
2319
4992
1202
9589
2503
3051
8729
9254
8108
3983
6418
297
6116
1855
244
6599
6741
9659
5040
7158
6168
3624
4479
8355
5988
2040
4183
3807
2858
5699
9493
865
5534
5883
8524
4322
3755
1477
6265
9857
7986
8668
5736
4136
7468
8530
3502
6399
4388
498
3252
8358
6785
6605
5671
4726
2329
4790
7268
818
3552
7406
3346
5427
4503
2871
5853
9117
6597
5764
5399
5776
2918
506
5450
5251
7898
2754
7596
2907
267
4850
252
6596
1149
931
4955
3126
3386
9802
1583
9206
4120
9676
8830
720
436
808
8210
4684
2729
7055
5114
39
4337
9796
2777
6985
3452
5824
5482
5189
8670
1351
7488
5548
7431
8879
5426
9455
8880
7731
1277
9381
7629
3227
2510
3509
380
6714
9782
187
2615
4446
9395
3070
7732
1867
8866
8467
362
3636
835
212
9602
681
3527
2739
810
6939
4242
6712
273
1285
1618
4049
2386
5270
3578
8519
2600
9683
9735
7866
4343
751
6490
9902
6702
7116
5771
6489
9095
2794
9025
2567
2890
2475
6940
3724
1653
982
5543
2762
7774
4379
3677
7497
7269
2466
5821
617
3129
656
5067
2757
7960
5367
1242
8047
5995
399
7130
6580
7625
1869
1332
8494
7514
3043
8662
8753
1061
8811
5422
7783
5905
1851
7870
2351
6280
6357
481
3385
7049
2629
112
1963
2066
5677
4991
9648
6992
3464
6623
3661
7485
5582
9650
8933
7211
9280
2144
2534
2548
9290
8316
2680
4780
1984
4243
7825
3877
2645
585
4204
8396
2053
618
2955
3916
4008
9225
1114
4229
9534
4799
4074
3183
822
3826
7146
8516
2802
7212
5753
3757
4709
6840
6313
7959
6518
410
2364
7455
8875
9169
5165
8927
2742
8463
7711
4678
4539
6864
2970
1334
1601
1112
6256
3291
7462
7802
4461
3265
3696
6974
161
3611
4132
1256
765
8327
7041
6272
8459
9088
3410
5483
2808
5005
6422
8224
7834
2477
5253
6142
5358
7551
2853
6081
2355
3180
9405
3996
4125
2474
1423
1622
6275
8640
4425
8955
7058
4855
462
2037
610
7580
8060
4859
2843
6257
9268
2917
7437
4511
4568
7188
3643
4002
3328
9908
6877
5494
9076
2102
2314
1781
4945
8380
9397
6613
6520
9213
8883
7877
3093
3569
535
8841
7995
2399
2337
4447
9392
9619
345
9218
6386
2244
8232
927
7105
2528
2988
6404
9434
5925
8411
6953
2812
731
3919
6559
3384
1244
591
8330
2333
1789
3256
3462
8709
3587
8980
7471
5123
811
9526
1160
2889
4671
7616
9498
2030
4977
3058
4040
819
3774
6488
7896
5378
7177
8125
7570
2064
6077
2494
9696
5567
1193
4699
3
9966
3884
4102
3845
6942
9922
3028
8618
9728
7237
7296
6502
5278
832
4045
7175
3034
7246
5618
986
4198
6778
4297
6576
7756
7869
9808
5062
5740
9949
2824
5822
6486
2630
7956
7089
4385
7557
2926
5932
4656
1824
9427
4515
896
8621
2419
3004
7323
4922
563
4110
3792
5923
6710
1044
3285
2426
4901
7518
6816
8441
3288
7291
8130
114
8843
5075
9180
4818
4610
386
7018
5351
2269
7961
8454
2878
7708
7139
2492
7459
9367
8783
9882
1643
9923
2973
4410
6409
2895
5570
7015
6583
9788
9573
437
8701
9536
3493
7890
2009
8801
4129
7228
3193
3702
8983
5051
761
6984
3593
4192
1919
3266
4694
8112
9245
975
5471
3610
4211
1307
1825
2821
3530
9101
9210
3929
6318
9294
3045
3785
8558
566
5654
851
6243
2898
5773
970
5818
5013
8820
7758
6878
2856
287
78
6673
4691
5628
9544
1728
9029
6731
69
1472
7304
8607
7054
4587
6903
468
1438
3098
2506
26
2870
9954
774
7838
636
6918
7902
1347
3999
4299
2945
4956
5221
4020
9064
4771
7187
5917
2014
5781
4685
3473
6913
290
5755
6755
9073
1195
8281
3586
868
9642
2028
2817
2806
2864
3622
2891
1224
9160
1842
622
7553
3440
1849
5244
9066
2756
9
2829
9673
1025
6364
397
9468
6949
1974
4777
5985
3255
3977
2365
233
9279
5026
5331
9473
6853
2362
6466
6315
1930
4546
739
3948
8351
3895
6389
9355
9278
6173
6977
1474
722
1509
6412
1420
3668
6343
9686
7244
8002
9936
4928
1421
1357
1375
7083
7534
6487
735
1626
5550
5712
4877
6321
9565
8183
3801
4456
7719
4890
3005
9333
9212
1913
5702
2288
4
7438
3532
6082
8956
2151
1940
3173
7793
4879
4826
5522
3972
3467
2372
6598
510
9801
4370
9553
8416
4224
1970
3595
826
5742
4090
2045
635
8824
890
5222
5059
3292
3878
3955
3246
2296
9428
4336
4580
6264
4735
4021
218
549
1862
4296
4244
556
7914
3745
6643
1895
9087
8398
6359
5214
2469
6105
4967
1600
3994
5172
441
9982
5946
8609
6544
3347
5904
1500
8891
337
9065
5262
1676
1966
6875
6098
4558
40
7492
2558
7626
7415
3184
1069
2947
7179
928
568
3397
1570
5533
9357
3412
4111
4222
8510
9826
7349
879
6011
5156
6442
6662
6397
2468
4758
9312
259
5219
2687
1286
6411
8488
7876
689
271
6818
7523
1288
2091
1748
9030
9326
1858
5638
2092
7138
3396
5751
4571
6084
709
7965
166
1838
2169
9717
2459
2929
2228
4887
9402
1651
7864
3604
1649
876
8114
7654
6973
4500
6530
2748
3817
3844
878
451
6858
9247
6635
683
5601
9574
7283
4357
6920
9238
587
8599
6956
6470
1430
4429
150
6573
8242
2338
7082
593
8547
697
3039
9415
3276
769
8730
9517
1976
3526
5545
1756
3219
5022
8561
9931
6717
7932
4642
7994
4990
7810
5891
6369
5607
200
2266
7826
325
3352
8473
6855
4227
3446
6661
3962
1071
1220
4419
8969
4039
558
8101
1390
8776
9125
3338
650
8911
6780
6002
956
9710
4934
7967
2411
9173
904
3563
4980
7245
705
9035
7103
5945
9249
5341
1137
6781
9237
4795
1221
6392
9378
6684
6293
8226
9289
834
9937
9647
9176
229
6586
2652
646
6656
5938
9100
8648
1494
1916
3695
3920
9398
6730
6367
1969
8995
8610
4619
7763
7627
7599
7164
107
1688
2635
2470
1151
3746
417
2542
6007
3408
160
6827
6908
5228
1767
7847
5237
9898
8238
5048
1549
4252
7717
6761
1099
5571
288
6121
8496
9641
6749
9711
6032
110
2347
1591
3370
8658
6691
9198
4321
8147
5655
4187
3290
7677
157
6089
6740
772
9803
5632
2442
797
2984
1932
1239
3967
2669
7449
8508
5850
4085
9593
7363
2462
3827
8374
2745
3590
5226
1770
4421
8505
9632
7308
6156
2074
2694
1983
3133
2789
3114
421
719
9777
5355
4119
5506
3553
922
7460
6276
4239
6127
6090
1830
9417
1250
917
3583
6591
5031
9703
2376
7219
520
158
2189
8625
2822
7051
5008
3312
359
1717
6324
8545
6606
8590
3406
649
2524
5076
7371
2724
6274
631
1908
4439
2417
5053
9747
9671
4951
8362
2799
3748
9646
630
4457
4184
519
1733
4032
6789
9400
4101
32
1268
500
7227
6329
9221
4338
9440
6061
6153
7725
3428
3363
655
9091
6351
9719
5647
3253
9028
2067
5581
5615
2833
8188
3196
5878
4965
1019
7389
5164
3419
6185
67
6420
6493
4147
8431
5186
1259
2011
7020
8477
7313
9194
5230
2256
5436
2683
7988
5686
9181
2771
669
7508
206
7439
1510
2465
4649
2631
1240
1415
4363
7510
9771
1759
4174
8807
3082
4540
4413
4400
8195
9113
800
2138
9130
1356
3437
8936
997
1561
2963
3249
7676
4567
1723
3821
5148
1703
3584
4339
7663
1157
8349
627
2691
2846
3812
5949
8680
3538
7504
5423
9469
4469
1814
7119
6575
6083
9745
920
5588
3647
3278
5182
3655
2706
7375
5939
4234
1207
4359
9241
4314
8012
3013
2747
1223
5780
4848
5660
6841
4520
7241
8826
9849
5319
6921
1021
3725
2033
752
4319
9264
4391
4495
3277
186
6236
3985
1924
1996
7547
7929
7329
5637
5553
7411
7025
2277
5645
7147
180
620
149
7278
1062
2173
4466
3918
1603
4590
2671
9209
2113
5598
5880
4303
7653
766
1144
3888
9093
179
2863
5852
8049
606
5353
7623
4918
1786
5208
7424
6180
3281
8371
2899
640
7757
3106
540
8705
3648
7209
553
3457
1792
4947
8079
9229
3142
1775
4792
4912
663
8295
9999
9886
9069
1993
2243
1124
5614
2122
6892
5790
3638
9776
1576
9369
1465
239
8203
3991
5419
8410
5140
6455
4663
2690
4910
6594
9123
5288
2191
7311
9560
4864
2231
5261
2177
415
4499
1875
4159
8655
5397
7568
5616
7448
588
8098
8028
9769
5975
1504
1264
1898
6428
3124
1800
7344
8041
3524
934
424
3092
348
4756
340
6285
6242
5704
3247
8481
9350
814
5636
2944
8795
3167
7382
7604
1475
3491
3007
4027
8341
9504
3932
176
8155
907
2363
9841
2894
981
4450
4317
6751
3367
9012
8225
8464
9274
2398
5700
234
5467
3481
6254
5732
5785
9518
6909
286
6868
7280
6579
7182
4458
4029
3859
6794
1637
9315
8779
4736
8013
227
1511
6569
7127
6353
9505
3823
7348
278
5242
1706
6998
9528
6014
2273
3052
2007
2264
7539
5133
3902
9250
4441
2938
9645
6722
7640
923
679
948
9828
5606
6660
2848
5775
5402
8793
5672
4254
9104
130
62
918
3690
9003
667
8065
7700
5414
924
3258
9681
3341
7550
6542
8146
3083
9877
9625
3121
4646
1894
8934
3779
9372
6600
7062
1118
4009
2949
3846
4115
9111
313
7696
7704
6300
9349
7641
6091
7512
9924
3096
8372
662
5569
3961
9207
5845
3003
9383
5179
5613
7312
778
1799
9196
1780
2569
2656
8548
8535
3435
3094
8193
2095
8241
8068
8823
5966
7771
1201
4366
9063
9638
2788
536
2154
8482
2688
1352
2166
7597
7651
715
4175
4148
9272
12
3776
842
4454
7080
3676
9674
7383
8646
6164
8212
9906
9896
9496
2104
3803
1493
4331
5449
6322
3496
4016
2541
9328
4158
4354
9159
2603
1687
1923
6255
3365
86
8997
3392
5807
7213
8304
8914
2383
8276
1275
9554
4071
9827
8764
5667
7755
7848
4472
8039
7451
4094
4703
6133
664
2665
8344
9781
8373
1952
8283
9477
7489
6439
6482
7656
6435
9116
1784
9558
3875
4004
6849
7022
8692
3665
6782
3989
1379
3747
9741
4810
6290
9150
5162
3479
8663
5245
3170
5991
7087
7889
8275
7619
2396
4171
5898
743
7109
6184
3161
703
5680
5289
874
7585
6766
1719
6595
7735
5411
7475
8126
4834
8230
4155
2712
5668
7068
7412
2216
1846
5308
1848
9878
9475
7450
2482
4891
2790
9136
7791
6930
357
7343
4986
103
5823
9928
7945
6279
5962
7602
5066
9941
1226
515
4817
706
8199
7334
102
5968
5556
4444
4047
1004
2428
2783
8634
1947
4107
2658
2312
1050
4716
5126
3191
5519
493
9979
4803
713
2766
6988
3904
5568
6104
1939
2356
5947
2096
5811
7788
6273
1782
7486
8564
5054
5169
9068
1953
2599
7907
4195
2668
9031
1433
6788
1248
3729
676
1823
8317
3797
9608
1445
2657
1670
6178
4702
8935
8404
2268
5913
6919
1951
3921
3726
7600
5589
5239
8633
9635
9964
9799
1592
9033
7299
6138
1922
8191
398
6819
6114
5718
9834
9140
5478
4412
8100
2701
9047
509
1229
1705
3925
3477
7065
3463
8336
8192
823
3630
3874
1276
5229
8097
936
8267
7767
7709
5678
5327
9457
6971
4081
2342
1196
3811
2449
5711
1740
9739
4294
31
3700
7442
1471
8150
2390
2896
5236
5190
6480
9189
4464
4904
3257
8032
9118
1805
2758
1213
4490
170
5468
5041
6505
5959
5130
1852
4150
58
5848
586
6966
3475
349
9727
5749
6307
9707
8763
5746
4353
1192
756
2446
1518
9996
9205
5363
1985
6401
254
916
8576
8537
2606
2289
9006
3482
1529
3995
8682
1503
3239
2775
142
8704
6667
1084
3703
5530
9972
2501
8748
5797
9977
6876
3675
2048
6125
4705
9732
9155
523
6029
1960
5802
3280
8544
7593
2161
92
7655
3155
1892
9666
7433
7342
4624
191
1635
8158
489
2013
1326
1035
5192
1879
1186
4263
7282
7846
6506
3944
9281
7526
4368
6906
4048
1461
9804
9816
6471
7863
9243
3445
5540
3880
5951
2796
932
9853
8506
1345
9751
1711
2841
6150
3735
5907
2881
5803
1139
135
1553
9262
260
6465
8297
2352
8832
6519
5047
1297
8781
5825
5220
4659
5864
9969
1133
9962
6526
1691
5019
6620
4763
1368
6572
4097
9604
1066
4979
6682
4088
6543
7474
159
7606
8854
8958
7610
2105
2367
6101
5650
6705
4814
2395
6554
3838
3271
8931
4773
4037
9368
2987
5963
4924
9036
6134
4492
3262
6060
7729
8907
8053
598
57
2132
9000
1314
8836
8822
4689
1486
7720
285
7353
9321
2134
1677
905
9909
2765
4641
7970
5549
7141
2
518
4436
6361
2158
51
2678
5542
7046
8415
4409
2728
1652
5033
4026
2827
1232
1174
7934
4813
6440
4434
9992
7734
4098
2674
639
1042
6080
1788
7284
3510
5083
8263
979
6739
8758
3749
2592
9618
4055
3233
4188
1602
1258
2810
9975
330
6910
7423
3758
7193
9742
5560
6706
5980
8876
2516
1914
949
346
485
6450
3319
857
9382
9943
3176
4900
1673
499
6948
1343
2978
5394
5152
5809
7583
6809
4630
5100
5275
190
8872
7320
4324
4166
8696
9167
6720
9959
1587
18
2125
1644
9403
3378
7418
5839
430
5407
1230
4734
4692
6396
6183
7537
4193
2145
3375
9108
3935
9780
9748
7326
8661
5531
5841
2653
4076
7165
8222
5238
3697
4695
1863
6820
4350
6206
8718
1018
1043
793
3567
5743
4529
8900
9459
3760
7216
4501
9314
4548
833
6115
2487
2473
3490
4839
3380
5119
3981
3205
6230
7040
5295
452
8025
7203
6893
721
2309
644
1489
3104
3906
665
2507
2885
5149
9527
926
7295
4811
9649
661
8735
8244
2637
1361
3772
5953
3131
4675
9331
4438
1095
4938
7746
8656
7878
1389
6433
3781
7014
5323
8767
779
8845
1104
4079
8944
3810
1547
9337
9327
9226
4983
945
9137
5425
9597
7114
2804
1595
3020
5585
2210
6100
444
5376
4178
1552
9306
5765
8111
6013
8265
2130
4417
4291
3152
5307
470
3825
7624
4493
2537
5690
930
1147
3852
3086
1577
1588
8223
4330
53
9170
8885
6925
9566
1697
3432
4712
9576
4415
2196
6118
4481
4430
4044
9539
8301
6882
7881
3414
7527
2642
3349
7010
8123
2420
324
2203
8046
7092
8877
9463
2716
2407
401
8120
3872
8328
3159
2832
1758
9380
5933
3917
9027
5129
3448
849
971
250
1624
1392
1672
1428
8622
7098
3175
7262
2845
1041
5698
5986
1340
8020
1028
9873
1853
6588
1206
113
6860
7582
5657
825
4173
2686
795
3824
3192
6697
9930
2425
2574
8179
2500
9391
3498
8919
1812
3579
100
4578
266
6348
8133
6095
5992
1906
4312
1544
781
6339
2562
6003
8813
2077
7850
1915
1745
7636
6699
5496
7066
8128
8140
8749
3350
725
8056
5150
2110
6408
8715
2090
5866
5079
9039
1
8359
9868
236
7948
9639
2523
5241
34
953
3042
4927
138
7507
2168
3551
5283
759
809
9282
8689
3335
68
9370
4383
7644
747
2476
9138
6225
2791
4433
7972
5710
275
6905
1834
1802
9190
7718
805
960
1329
4749
7806
9897
8067
5346
9810
7335
1436
5469
9845
2199
2996
3088
880
5344
660
5524
2026
4219
2267
3095
4015
318
4973
6687
2430
9603
8495
1060
2746
9296
7319
2349
4181
910
688
4373
5246
5090
4041
1558
2223
9506
3405
5707
384
5187
6247
6217
4827
4759
8364
7385
6145
5417
6478
8840
8691
7921
6815
8853
8272
7647
9514
5523
4073
3109
3998
5210
1743
1657
9905
7286
841
9335
4739
3022
3924
724
5525
6854
3313
5633
217
7620
5914
611
6970
5303
732
9356
8761
2394
8194
4830
169
9203
1234
1859
4221
56
9419
6657
9533
4052
8167
5290
7422
8766
5193
8686
5155
7865
7516
8418
1712
5388
8264
7397
1399
4455
6402
4301
8981
7106
5597
1289
8987
1744
5146
8444
6534
7688
6929
6260
8852
2385
4586
2749
6065
383
3738
7650
3597
5599
225
8313
9848
5160
9057
2504
8407
3495
9152
1075
1052
1496
7336
3293
4842
1763
5901
8497
4176
870
9709
2927
5885
6578
7016
8626
7980
6571
749
5138
7133
1136
2648
3644
419
1162
476
3899
6675
9545
2148
5466
4719
6924
2930
7524
2546
6548
3548
1397
6653
396
1116
9851
1742
9214
6960
560
9107
6111
1693
465
3321
3035
6467
2936
5154
8575
9912
9746
848
127
7809
2373
9295
2290
2157
3692
405
1236
1208
7511
5731
3575
255
6073
6336
7396
3672
8930
6390
3594
7915
5854
2252
6022
6215
4180
7159
8617
2215
8849
8271
4715
3794
4791
248
3433
6734
4767
9511
8677
4508
5507
654
9183
4305
3486
4100
2807
5339
2108
1807
5734
7482
8967
5834
9733
3166
5391
6823
9637
2457
5754
6167
6154
2490
8653
784
562
7882
4549
1439
4849
5329
5381
6087
1555
1884
6196
6126
567
4087
5609
4741
3000
75
7195
5321
4974
2785
8666
8611
5420
1525
5020
2493
8437
7781
3508
614
1320
3024
2851
5708
7205
4113
9934
2220
694
4476
6388
4358
6457
2962
7760
66
5769
1459
2605
8878
3850
7376
124
7250
6746
9622
8493
6961
4483
3939
889
5653
5830
2939
2618
2262
7345
3488
8517
7021
3666
4526
8170
5877
1734
1315
9075
4118
3060
3383
6869
7253
59
8282
368
3453
1936
8300
4351
5500
3528
5820
1537
8932
3963
1372
3472
5535
9520
9318
7835
1470
2915
4445
9099
1627
219
1749
8058
9616
3786
5082
8466
3718
1023
4157
2404
521
9406
9412
7884
6646
5437
6696
7517
4061
6053
2217
6485
7946
7836
2664
1049
900
3442
2986
7315
3107
487
3334
1353
5302
6767
7913
3360
9436
1716
6193
7843
993
5052
8882
1735
844
4916
7030
2906
8277
6477
224
5501
6205
8827
2485
4923
3497
2733
8148
7297
5861
5441
6629
668
4342
8740
740
3689
2082
6423
9387
8320
5886
2261
5674
438
5622
1469
3243
5495
9713
1710
3049
1417
1596
6067
435
4043
3571
1540
7056
1120
7240
7124
3046
459
7955
3451
1523
1973
3209
3632
4389
6448
3820
2556
8562
1330
3102
7742
4505
9871
8925
1408
8062
1689
8379
5373
5836
7615
991
7483
6839
5485
8888
9017
3511
1975
5970
702
104
9596
8233
2149
1708
1360
6676
7815
5292
3323
1317
3550
8162
256
940
2700
2180
5207
7733
3653
9145
943
9301
1054
5547
8387
3250
2005
3232
2620
3283
3305
3896
9197
111
9079
5293
2814
9050
4143
7327
8736
4213
9846
3374
2518
2441
367
154
6610
2616
3831
964
4270
7125
1200
7698
118
6171
2098
2401
9670
3886
2087
4903
9852
9182
9248
1615
8632
1878
9861
7194
7384
6503
3140
1722
2773
5473
2647
6607
6410
6514
2607
8727
5197
7264
8420
6109
8461
2054
7839
6476
8085
9946
4644
5513
942
2702
3558
9090
2977
8672
7340
5972
8631
3688
6222
3001
4246
8909
7063
2957
5077
850
8649
8152
8904
5173
1787
1594
7404
6155
7002
9236
6047
4462
2423
6132
4957
6759
8006
163
7256
1498
7479
9341
4820
2588
1373
5132
9754
2826
8886
6306
5719
8465
3010
9446
7366
4611
9267
3564
3203
5455
3429
5910
5318
8447
3251
4010
6045
5212
1902
3836
3076
8132
2186
4727
9623
6261
6459
3421
3691
6532
3299
3754
9313
9956
1896
3303
6035
5681
7538
6638
7905
7432
8469
3654
4362
8848
9766
5142
2251
7490
3658
9352
3669
7581
1790
783
6220
5
7501
5763
5706
9708
3979
1308
4168
1434
8774
4140
5955
2429
6769
6333
7563
5135
2258
5361
2971
3311
5656
3171
8825
728
3581
4468
453
5028
6352
2730
2233
7143
9410
6842
6393
6890
6197
9304
3750
4200
1407
1724
5037
4761
5447
9323
2923
7789
95
1255
8528
5223
8254
6062
3471
5666
8176
8324
4728
1388
5199
5619
8409
5673
4109
1152
2255
5117
6904
2237
2875
3470
8052
3422
7944
1695
8698
8750
208
3242
596
5497
7782
775
3394
983
6844
9968
565
2024
4194
427
4880
2071
6345
1762
8714
4984
3431
6445
5893
6384
2934
4958
1502
4282
839
9429
5676
9615
94
1768
6400
856
1419
2887
5406
4058
9797
1539
9292
6753
5788
2129
6475
2713
2368
2514
9540
9004
3849
2332
8984
4377
3197
5260
1514
9965
2910
460
6301
1105
7097
9251
8644
5528
6071
5175
3577
625
6577
4861
8110
230
4953
8924
5410
6564
4766
8366
3110
5065
8196
1091
3984
8266
862
6677
2578
5057
5442
6562
7005
9830
3894
274
8794
3620
5350
3187
9680
3621
8549
5343
1455
7686
7716
773
4053
9881
249
1516
353
7069
9860
8660
3789
2543
9723
1698
8833
447
1033
1056
8643
1427
4933
7923
9431
5608
2321
1241
3021
2335
4852
1911
8780
5032
8960
4721
6500
1713
737
3591
9621
479
941
2633
8325
2315
4793
4349
2230
707
2075
7453
8131
1899
1102
4543
8044
3264
894
8408
2300
1485
9386
2056
366
6511
6879
7275
6645
4639
6862
6092
5979
5254
5337
1647
5233
8239
2809
6574
1298
8029
5717
738
7505
7603
9219
1479
4554
7373
9106
8512
8151
3969
2557
4050
9911
9476
7443
1476
146
4435
6887
5826
9927
4387
8414
3560
2208
1506
8087
3216
2735
2666
8945
8082
7748
8237
4416
7039
7710
8213
5675
3740
6055
7931
7071
409
145
4514
2000
9744
4650
9716
1847
6621
6195
4794
8899
8069
5974
1737
3403
5265
8057
9376
9605
8181
7671
9456
7828
9702
9366
6001
6437
4369
445
1873
8858
3332
9887
1032
7035
5216
5480
8892
6695
2593
1478
1431
6804
8593
3090
8004
3238
3474
8856
7976
792
8948
5512
5795
5464
4496
9658
8901
8393
6495
9690
2281
5115
2904
1070
5243
1883
317
5007
2280
7727
9128
1480
1779
4822
9607
5105
3573
8007
5401
4635
4209
5738
2576
1169
8419
8090
1632
8037
601
577
473
3085
8565
9904
6046
2472
7754
4276
9859
9166
6614
2860
590
6622
9715
3561
9191
6990
3952
1090
8974
1231
6259
2377
8723
4738
6857
6533
370
6048
4498
9907
8555
1821
2118
8356
7303
6070
1621
1590
1674
6297
4556
6379
2900
6563
9991
123
9332
514
8337
3625
7028
6117
3699
7201
9338
4274
4776
4854
2103
1180
7129
5335
1872
712
2586
5202
9458
8972
764
911
4995
5944
4084
6644
463
3275
7075
181
1096
8707
3663
5418
2982
9482
9581
1130
10
9734
8216
5952
5203
7853
6754
9097
16
1633
2065
9019
966
2800
7591
9700
6147
7318
5514
6040
2526
9202
7964
3215
7487
869
467
4172
8453
3639
525
3819
8197
5477
8104
5324
2734
9993
6732
9056
3574
6515
5720
4701
8043
7954
2570
8201
7805
8573
2650
2276
9591
7399
2140
1354
5194
7797
4888
1776
8861
5366
5687
6192
827
2439
990
5639
4584
6130
1958
3416
4625
2198
2752
8439
4232
2717
3214
2245
4356
9444
1178
4755
6381
6186
7325
9484
6052
8624
4808
987
5756
2760
8605
8869
6086
8902
7364
5828
9454
1538
1401
433
3298
4836
5499
2707
8687
8912
8015
7612
6434
2382
6366
2295
4573
5159
6088
9974
1876
8762
6737
6637
1616
1815
3478
5683
6991
6204
5145
7949
5364
214
2121
1072
2649
3420
8538
6692
3667
7350
3038
4262
6540
946
2003
2444
2902
7476
542
6508
7338
1402
7024
3261
6376
6283
4613
8700
277
2063
7799
5897
6302
6267
8279
3368
284
2142
807
2018
7204
2755
5096
7400
581
8091
503
8688
8378
2544
6881
7684
4648
9872
8809
165
813
9077
8939
412
8236
3424
2696
207
753
7481
7033
8106
9032
1597
9043
2211
4623
8916
8173
3286
8383
3047
4754
3959
1696
5312
1641
5876
5728
3542
2868
8533
7531
15
6494
8086
7564
8288
5989
9820
7681
8450
232
8859
2874
8486
6880
2916
5701
4572
6967
8784
6028
718
8571
4931
1101
90
3937
2744
3987
9682
3793
714
2811
7184
4344
2892
2515
8994
7346
9561
6012
912
4743
5915
2989
1380
7632
272
1190
5875
1822
8588
1850
2925
7706
829
1827
3585
2182
2306
6027
9763
6601
4512
1857
6700
4561
1039
5800
7330
132
7953
5094
5227
5161
4509
820
6884
4994
6969
6415
3306
6764
2626
9512
3762
2698
8269
7827
6174
5045
4308
4059
6212
954
6957
1405
1543
2275
6363
2933
339
7922
4905
3649
6051
9420
3057
9725
4608
5733
6258
1757
4502
3897
9421
156
3064
0
1783
2932
48
5502
9222
4597
6481
5899
7588
3761
1393
6284
3964
1554
2919
8417
4230
8073
3650
8074
4875
7971
2183
8175
5263
7192
8789
6504
9918
4231
9755
8739
3423
6141
1198
3723
6360
2156
2484
4579
6200
3116
4145
7749
1331
2580
7496
131
379
9127
5281
8887
1871
4426
8054
7845
8080
5456
343
9399
4352
3342
7027
9164
7398
9105
411
796
4191
7261
7307
1385
6750
7559
3273
1143
1880
7221
4596
3364
5326
4169
3320
6210
5916
557
1212
5488
2249
8251
3146
6026
5779
2036
8219
9319
2722
9798
3913
4746
2718
1560
134
7770
1086
8460
3480
6461
431
1318
9048
2471
3355
5521
5201
8893
5791
5792
745
1746
6557
5372
858
6123
6234
9430
1638
6859
8406
3546
8941
6941
9864
5605
2566
1083
4532
7322
5558
4067
8542
7744
5575
1700
6771
303
4241
1764
9594
4706
6830
3958
8470
4914
4290
3061
2684
3973
9377
3202
1507
478
4516
9261
5515
7053
1179
4553
7090
6074
4287
5035
5856
6025
5287
1134
3618
528
8550
6019
5714
873
9491
7611
3787
4653
6057
9772
5629
2873
8724
8392
2740
8773
1299
3308
108
3788
6344
5273
2176
4985
2190
6452
6330
6240
7339
6901
1171
6837
332
4307
6507
9347
4538
7990
1272
1741
1209
1011
3128
8427
7178
2888
8953
502
1001
6427
7668
7952
3795
1881
7750
5862
1113
4068
5768
8990
5282
9497
1654
4258
7446
4988
8343
7798
372
3753
4467
6711
5941
50
5984
241
903
5603
6922
7115
6701
4035
5332
716
2883
162
3339
7613
2073
9592
1608
3960
3634
4677
3182
6626
1659
3861
7985
7208
1620
4066
576
8966
1115
7331
5479
9259
8118
1524
211
7519
2057
5377
3208
6946
2609
8799
9814
13
4442
7643
3641
2993
5971
6249
2039
8165
4686
9895
7044
1382
2094
695
6708
5801
7128
1376
938
1837
8585
5200
8231
2051
7500
6951
1532
9135
1468
5413
4347
2222
3883
7226
3210
9662
4137
3683
9426
984
9186
680
8951
6608
5166
5996
6602
3521
4588
9916
3172
2867
3066
4164
647
9102
8206
382
9684
1466
7622
3780
7801
4096
609
4550
6078
141
8708
5158
7077
2160
8338
9124
1517
4860
1709
4536
7191
4615
3031
6182
1391
2117
2704
9453
8221
8829
564
3371
354
9034
5993
5316
4828
5927
4629
2050
4260
9806
6952
5758
1937
4690
312
1321
7925
1642
5882
91
2795
7779
815
6938
7302
4279
6900
8190
8896
6989
1458
3398
5384
3186
5294
6680
88
495
1109
4250
1092
4710
6076
9439
1564
3357
4858
2627
1556
6335
3071
3418
726
1751
5757
1798
1007
6245
6561
8347
2301
8499
5634
8747
4060
6253
4563
6776
1215
4819
5108
1828
5185
3223
7238
3459
7267
4969
3777
7962
1177
6304
8145
2545
1125
6144
4785
8077
3664
4051
2535
3157
9303
2813
7314
8745
973
8798
8402
2849
8667
7943
1721
5074
9443
8296
1253
7535
7669
2673
321
5759
7594
1731
369
4086
3971
1000
8034
6885
414
5034
9227
4268
5620
3369
8526
1623
886
3943
974
6537
6963
9652
7761
4911
7287
2624
3274
5285
582
5139
5600
3207
3518
1425
624
7693
7991
578
8816
2341
3799
7908
23
1690
9938
4025
3211
6524
6796
1832
816
6120
2432
2175
7858
3087
4960
9838
3537
1057
8897
2655
3534
2126
1992
1015
7142
3217
3716
3975
385
7038
6033
2135
3744
3901
4402
2764
2782
6933
4525
5592
3030
6491
4167
5409
8050
8042
5474
6106
7207
3195
9052
3568
9462
5209
2313
5231
7466
1541
1972
4325
9299
9532
5696
580
2991
183
6152
3244
106
6237
3151
5557
5454
2969
263
3554
6527
4423
2582
1333
7176
789
7891
7979
7741
2641
8027
7854
9388
2882
8318
3337
4816
645
9894
8449
8578
1891
4396
5379
5651
4486
9005
4293
4870
3694
5258
65
334
8791
1064
4011
5188
8838
8913
2486
3263
4723
3589
6585
5325
1323
3381
8215
8403
5902
4894
1446
3572
1142
41
1247
6872
2162
9330
1073
6406
3062
1349
3727
1829
7895
216
7614
3426
6021
7722
5965
1565
8367
8451
2279
6728
6429
4668
54
3091
4394
3150
2027
4895
8291
8525
5498
3623
4206
8572
8137
7821
2928
3522
6995
780
2193
2767
7361
6810
5577
6510
4952
8731
1167
6464
6618
9529
4898
4620
8755
6107
6745
1410
2044
480
8712
1640
4202
2025
8311
1076
9084
5641
490
5934
4064
4530
5218
4523
245
8335
1491
3616
3517
1663
4964
1611
2595
6698
8710
458
3454
2568
1981
3673
6453
1739
6054
9320
9825
4637
8345
527
5920
5694
8511
6832
64
3539
9516
5486
1579
6244
3679
4518
1694
8671
4604
7966
7844
8601
8113
7430
7790
6038
8703
5929
5879
6039
8638
7579
3911
9298
5958
3662
2247
9026
3120
6589
1707
1309
3515
4031
361
6674
8017
4023
2779
7441
4664
1774
1797
760
995
6648
1453
5881
1685
2463
7529
9892
177
6277
2555
8075
1956
7776
9762
7420
6231
1542
5232
175
2257
6340
3006
4411
8628
5787
632
7532
1585
9244
294
3048
448
3484
5205
6334
2043
7607
1760
400
4575
9963
2995
7452
3023
1414
5936
1804
2302
1499
2353
1348
9705
799
1631
1355
1339
8819
3706
7007
1839
6805
9669
9643
9885
5444
8557
2325
4865
6663
9291
4564
6451
1454
7856
988
1546
4784
1012
301
139
9787
5860
5056
1613
9362
6632
5352
7180
6678
3178
7155
6616
6965
6649
8566
5536
7773
1293
1484
4565
2662
3566
6792
6143
5669
1014
3942
6934
4018
258
4405
1452
4606
5566
8785
3934
3543
7059
8342
7543
4966
9689
5072
6726
1335
8440
3314
9346
7034
2410
44
2330
9364
6822
6997
4602
6075
7174
3853
3268
8993
6281
4223
6298
5617
9265
1630
319
5604
7359
6935
7305
7917
2107
6735
3885
4666
701
6068
4657
2085
7057
5546
2414
7528
3145
8946
1146
5313
3580
9404
4269
6108
8030
8442
5375
6850
2924
9926
1890
2519
3413
6305
5858
3600
228
4236
8498
505
638
5340
461
2617
1344
1270
888
7919
6587
7289
937
2676
4489
1398
7813
14
8489
8979
3954
5395
4422
4621
2990
4238
1184
2572
8184
4626
4000
7470
8664
3978
554
276
3458
3460
7347
1217
5448
6812
304
2397
4655
9165
7288
6327
6238
8857
1122
2695
2481
1563
4233
2046
4065
7552
939
5644
7555
8274
8594
1462
387
7880
9568
8529
3025
8001
144
1811
4001
1450
5277
9234
9499
3148
7904
7816
8746
5439
944
9976
2379
9901
376
2502
9433
8217
4908
5806
2834
293
8864
4857
7210
6316
1528
3188
5284
641
4807
634
126
6454
4348
5969
7724
6287
9557
9807
4765
9466
6954
980
8971
3267
8031
6870
388
8273
3483
6937
6063
6793
8070
5309
1771
443
6634
9948
9657
4104
9308
2422
2089
3629
7628
5684
4672
323
1820
1589
7787
5457
3813
2538
2265
5815
3832
8744
3503
5058
3965
3870
8651
8160
999
3137
1994
7387
8915
7554
2632
9973
6341
52
4371
7574
4003
1978
9786
5438
1040
3914
1409
1747
1448
1990
6207
7811
7316
29
651
6326
2953
8991
1211
7982
8543
7715
1665
2412
4313
7586
8235
8105
8741
5578
17
5783
3099
5520
1182
9535
6128
7493
3848
6509
6042
6978
9494
9110
7220
9821
8846
1950
7095
3698
9706
8673
1089
6378
8929
9891
3556
637
1045
4420
4072
7001
7391
2460
6044
6346
5692
9724
5310
7369
3185
5900
4592
2872
7705
8771
6499
6907
1817
4652
4207
2956
9480
5118
7232
2283
3609
8998
5248
9449
8218
6303
4757
6943
9876
3704
38
4247
9854
9633
1515
3084
2619
9041
1968
8559
9805
602
985
9785
8005
8448
7239
1374
5508
5855
4889
5646
7081
4179
8200
6347
9567
1575
2360
9286
2805
7494
2943
363
892
4528
5851
6650
6268
729
6226
8926
6658
8413
2838
2563
7149
2032
9284
3366
5837
5642
2271
8751
5069
8938
9139
1864
3873
3212
6425
2540
7362
6803
2205
3770
9800
6669
5112
5829
3400
3270
3856
1650
866
5177
8089
6314
3279
6160
723
7958
1520
6716
860
6979
7775
530
1686
4220
1988
1998
3614
5744
8657
9121
296
3032
8760
8088
7341
2819
7509
4787
998
947
1131
9502
803
3612
1172
1132
1027
3949
7011
8255
3411
621
7634
3733
8894
6093
4638
9309
9467
685
7407
9287
5163
9215
4080
1444
5458
6581
5334
2218
3951
8678
73
2200
2418
6458
9425
8157
2253
5147
3970
4240
1313
9884
7670
3887
4825
817
7073
2408
1856
4199
1505
3485
61
9609
2659
8305
5428
1619
4521
5492
9040
7699
9989
3938
3331
1418
2994
497
1550
4750
2532
513
6463
2951
6176
776
4844
7549
2579
1512
5368
6312
4954
4341
8716
7393
2035
4673
1833
2340
4474
4863
1473
7920
235
5092
1100
9569
9354
4122
9293
457
2455
7273
901
9126
3868
6056
1166
5691
5760
4926
8923
3044
3730
4128
9096
3019
8334
5896
3300
5330
3709
3576
7690
3154
2406
6050
1964
4309
404
6211
4487
9273
8278
329
828
5103
4281
914
5196
320
2128
3125
771
7556
4225
700
3930
4288
6631
4517
4116
8619
2769
2106
6194
5297
3908
9718
3993
4141
5505
350
6888
2019
9432
8357
6270
5954
8738
9489
8103
1296
1738
4218
6707
3782
1164
7752
8036
994
9611
9008
9874
6843
8474
9784
9919
2623
4432
315
7198
3455
3992
202
6928
3427
9002
2111
589
7301
3722
9839
671
36
4054
4062
5976
7926
2225
9485
9521
3507
8503
5305
3805
115
174
9360
9283
295
8851
3162
8804
5735
7421
5184
7233
6208
4717
6834
8790
3741
6756
4662
643
6550
7189
4591
7784
97
4651
8479
9925
6670
7840
8665
9080
8536
151
1068
6036
9575
5990
9445
9045
4943
4950
8975
642
9146
4316
7618
1053
1447
8959
9011
1661
9990
6172
7785
442
5249
2727
6009
9817
3226
5950
1907
2497
672
2317
6976
4560
5777
373
9023
4022
1572
7247
2366
1918
891
4801
6239
1029
5872
9486
6129
9233
5217
1058
1416
9563
2612
196
8307
81
4598
3179
1366
4424
6856
6223
7823
3582
3765
9631
9147
5871
5006
7679
9348
3642
1941
5794
3160
8452
3864
1078
1536
9980
4907
5635
9612
7206
280
1085
6228
2660
6627
595
6808
7998
600
8702
7257
7410
7017
1400
9791
8390
5424
37
6964
2974
5960
1300
9384
3982
573
4103
1925
3282
5602
2391
526
9765
2778
4599
8903
6004
5537
4815
9685
4788
717
2602
4698
7048
5412
2387
6069
2291
5443
9866
7377
6891
6799
5892
5890
2836
5015
4676
2793
2327
7134
6874
3737
1989
8743
8787
6501
6806
2842
2550
2496
9285
4545
8003
4386
6886
1287
7692
406
5064
2920
257
2097
5025
1785
7768
2339
7868
9044
1658
3923
4583
8527
49
5124
9119
5590
7279
2828
6049
6824
9253
143
9342
929
5643
3174
6252
2165
7419
5562
2585
3674
6694
1238
9551
3018
2862
9060
7893
7957
74
4030
4460
4989
7231
1662
2078
5865
5291
7659
6163
8143
8072
3468
9737
5750
8940
7885
3603
2197
5109
9783
691
6525
3434
3009
2551
7447
8401
1457
5432
9153
2905
3862
3017
6962
8078
5842
913
8177
7101
6783
5721
298
3063
2453
7935
2703
5805
1860
7379
1292
4488
4821
2324
5894
8178
8331
1854
7254
3670
7721
6103
7402
8577
8094
8615
2285
147
3535
8769
3012
4271
8166
423
2068
7172
1020
9668
570
1810
7675
8847
1533
2433
2527
3804
6037
8405
3139
8399
7812
741
3909
8637
9869
9779
6310
1796
4165
8023
9914
5267
1159
8164
6647
2272
2434
4392
4920
4144
682
5948
8805
231
5579
4681
4809
8045
9929
9957
4504
5532
6319
358
1219
3447
2912
3739
2099
9092
5490
7429
3705
1629
8532
3843
1342
7186
9813
3756
9867
3016
9288
8652
6668
3834
9501
9697
3322
7145
2583
9503
4095
7542
7136
8376
6693
4612
4017
6617
1680
9955
4112
2935
6159
6821
1534
2079
8169
7352
2010
9663
1324
3617
2604
8683
6179
2209
203
213
2903
5061
629
6725
3304
7993
3881
3358
2708
3362
5405
4130
2865
4131
7546
4216
992
574
4873
7766
5274
2052
5814
4298
9590
3036
6865
9729
5957
5709
76
9531
4248
2047
2370
7131
837
122
4665
5977
9932
8021
7658
6385
7503
8614
8988
199
7642
9010
5049
3800
8591
5745
6010
5252
407
3108
5741
2221
6959
4976
5390
2008
5362
5271
2163
8531
4259
3900
2447
8920
4033
9018
7548
172
6449
2016
8963
4280
2961
5554
9687
1440
2797
1141
5104
223
3438
5322
3555
6263
4948
770
7883
6232
1897
8321
9474
2547
4295
2081
8051
7879
3721
3315
1460
7354
1607
2286
921
8294
9543
4378
9103
1094
9158
7792
8950
8918
8249
4917
2736
374
5697
5594
7251
6993
4770
9952
9571
9317
8008
8395
4658
4783
8719
8815
5168
6370
305
8252
4733
8674
3376
7258
3074
3059
7434
6899
116
1013
7520
8645
3231
5071
9688
243
4170
2001
331
968
9614
279
1266
1369
3771
4384
8546
3388
5383
6262
1987
9753
4534
7530
7737
9258
9492
6438
2202
4693
8319
9598
4304
6895
9699
129
264
8600
8782
3078
8016
4235
5489
2478
7495
2774
9014
3651
8204
5665
4841
3015
5280
7968
3592
2181
5452
9577
5804
8728
6375
5874
8207
572
3008
3336
8560
899
2850
2554
5840
8541
2753
8471
1016
215
3818
626
687
8905
3307
3354
6405
9316
4667
2965
3056
6436
7558
347
4972
5538
763
9524
8850
8227
9863
4674
2646
6516
247
4124
3500
9471
7151
1535
1750
8943
8245
6483
3117
1336
1753
3545
7152
2127
4345
5593
2565
1982
5060
5921
3105
8720
8908
2681
1387
5810
184
5517
5703
8937
2625
5967
2491
2770
83
9171
3766
6826
1394
5730
8608
3465
4711
6175
5624
4718
7648
2499
7218
9007
9232
420
7897
758
3839
1492
3153
8156
8389
4847
237
429
8426
2100
8472
2274
6719
1274
2483
4093
9835
2059
7730
8462
7403
2480
2187
2284
4393
5311
1995
2985
5722
7941
4707
6421
8563
9416
1979
571
1138
7691
8093
6655
9764
4559
7666
5127
2226
9375
9393
5487
7199
3054
389
919
9358
9548
6744
8775
4552
7265
1168
9042
6883
762
3656
1338
6686
8513
1187
2559
137
9513
2997
6765
2737
7285
1203
9942
3520
9870
42
5396
2354
8268
6148
4614
1831
8262
1283
7927
1456
5328
3922
1175
7473
2416
5440
2213
7140
5748
3533
4589
7608
7999
1942
8961
5451
6955
5178
604
3796
171
9211
8455
5997
5627
3224
8839
744
7480
8248
9664
3065
545
708
4275
2381
5484
6927
167
2219
6775
6158
6166
5434
1341
336
1889
5685
9072
5659
3759
7076
2561
958
1370
7753
8009
6829
2759
1928
7918
2937
6549
8487
1328
9177
1411
9009
5255
4878
7911
4772
3876
9692
9255
8690
8014
8484
2549
785
1957
4752
4228
426
7685
9414
7859
3113
7573
2038
314
5574
7665
6311
2359
3164
2358
2115
6320
867
7428
2150
6473
2844
1559
1986
9061
2675
2155
1088
648
3309
3802
220
9617
5084
9340
6161
8149
7351
9015
8250
9730
3430
6640
7645
5386
3254
1395
6350
8642
85
4680
1545
5504
8777
1365
2242
1481
4731
5080
5206
2670
1158
7906
3356
2959
5137
238
2384
4654
6085
4360
2835
7036
5403
9584
9435
9588
9812
9013
7830
4154
666
7867
2815
8059
3439
1273
1249
9179
152
1513
7857
8363
395
2402
2639
2119
5610
9743
1793
8999
491
8772
6496
6497
8312
9423
7137
7072
6521
1227
2823
193
4091
128
8952
5300
8895
5964
1106
9951
8084
3866
4843
8234
4892
4627
8096
2308
1006
89
7463
5463
4925
7202
7472
9610
4126
8514
469
5014
4335
4897
768
3466
8694
87
909
3956
7764
4249
1639
4999
6851
4835
8035
2611
1772
863
5693
8081
5153
1377
8612
3936
71
1123
532
9856
2153
9260
1946
8523
8947
6894
1010
616
5296
8302
3976
4355
628
2505
5799
3822
2772
6380
4899
3940
371
5027
6432
1024
1581
1678
2238
8458
7118
4838
5087
6958
7292
7306
7161
8596
2282
3986
9193
2012
8368
7694
4551
8293
7963
6795
7223
3444
4831
3512
6757
4885
5772
6835
5357
1809
4939
5043
584
1655
7414
24
9947
750
4278
7458
2204
6043
1295
3390
7270
2913
2287
7951
9078
3742
9556
7108
544
7120
5002
3858
7093
2509
484
9422
2440
261
1396
7426
6181
6292
7121
5573
8229
7598
6349
8422
9778
9058
6945
8862
2831
6709
2413
8480
4151
2328
6079
9053
4440
6072
2589
7561
1531
8247
5727
3910
4315
6762
4406
1965
4397
547
2587
4205
8986
4277
5110
3072
4762
8928
9510
989
2725
1778
504
8361
5003
4832
93
5348
1645
2693
1302
4253
3628
6936
1761
6372
1501
6999
6546
7183
4332
4636
2072
7667
902
3504
7664
9154
2427
7395
4574
3732
859
9889
7672
281
2405
4724
9903
9829
675
5884
4255
9677
9519
7635
9224
6278
7409
6568
2239
9840
1521
8629
155
3685
8814
120
1055
3461
326
4603
7714
1260
5789
1604
6332
7457
5081
2114
3168
895
7900
3101
3075
935
8654
9665
7107
4310
308
3343
3055
4382
2201
885
1154
3606
2123
466
4645
1679
4245
2164
5908
7871
9302
5085
2876
4971
5942
9305
2830
1931
2940
5689
80
8737
592
45
608
1406
9950
1701
5050
7088
4998
8752
4779
736
1037
6947
1888
855
316
908
546
802
2023
9246
3633
9276
9500
2456
2520
3050
4497
1077
1886
2436
7365
4328
7293
1877
9773
9981
6863
4012
4266
1900
4886
6294
9195
5276
5572
5831
8837
8476
2964
3601
2061
9324
8580
7662
9694
2451
9037
2577
9678
5299
8033
1660
3626
7937
8388
4533
3687
3773
6529
8768
4519
6852
8949
1943
925
5561
4152
5670
9151
253
351
5817
2310
9995
428
422
5044
6847
3415
2006
2564
7144
8456
2083
2109
2116
8377
7822
3743
9049
5342
8567
2461
9559
1816
7009
2879
2021
9752
7123
7074
2719
3990
2613
1135
8438
1571
7875
3501
7060
9767
8725
8898
3710
9770
1119
8076
3828
4944
4697
1933
5264
6558
5333
7032
8800
2214
2584
1216
8806
9523
4882
6630
381
1301
4769
268
1944
5181
6358
4477
4737
8154
8139
8382
4077
6446
4919
1194
8812
8121
7817
6811
4555
1584
1755
7837
5128
5819
7888
4320
4913
8350
2303
1082
6426
9880
5191
539
2513
1606
6639
4968
9310
9242
4186
1451
6846
4160
2575
2711
5956
9089
9983
9094
9083
9626
7321
1263
3260
3296
4491
8870
2259
33
4774
8055
8430
4585
178
3345
6308
746
957
2015
1225
6110
5356
198
3557
2852
2192
30
5835
7571
7013
4046
7910
6020
4329
6323
6170
8884
8985
9220
1257
4760
9109
4311
6282
9978
8289
824
612
8509
4463
3230
8602
4713
7562
9216
7154
4751
5509
2146
2981
3401
696
7086
8556
3327
1437
9971
1882
3469
2369
7769
1818
5089
8384
1412
7899
2715
1909
3693
9156
328
6119
6328
136
7498
845
9051
2174
2031
2818
8214
4327
4365
633
1443
4380
6802
1371
1819
9672
3310
6149
670
5529
690
5849
9967
5036
391
1675
1279
5461
7084
3324
9339
3871
2334
4480
4840
4669
4531
1467
1702
9917
4868
3147
8083
2326
5909
6484
5559
2976
3686
6659
7440
9389
5737
6221
9409
1934
9235
9691
9958
6986
1769
1093
8954
7950
8423
164
3237
1636
1962
1291
8734
8874
8258
6462
7778
6681
1617
2438
5998
7214
4544
5174
1671
3387
9794
390
4114
119
704
7454
2241
3541
517
7006
9636
3112
7166
8095
881
4768
6135
5981
3627
4372
605
6365
5715
1927
9704
1977
4127
511
4647
1574
5009
6912
6926
6703
4414
6689
4399
5235
9407
449
5640
8917
8650
2403
550
4833
2644
3997
6122
1868
9564
4837
8681
6833
6688
6355
3404
9661
9374
1205
3248
6441
872
2307
6137
2975
5320
4961
3222
1442
4902
5176
9844
3499
8346
7309
7357
2294
8970
4156
3077
1107
8574
6665
4089
1325
1117
8107
3141
7887
9270
7408
9843
8468
3547
3103
4395
1233
4056
4333
8623
2992
5649
9555
8721
7328
7646
831
5752
4896
1599
8424
7886
4326
3778
9371
6950
1140
9266
9046
1948
8817
84
7584
9651
6641
7259
4006
7215
6233
7332
3041
1358
2948
9479
262
4428
748
3449
9599
5918
9418
4876
3768
4014
1386
3798
5354
3892
5724
7368
8124
5983
3026
3081
3136
1204
7266
6113
4823
3613
7163
1795
5055
7252
9256
2194
1005
9082
2723
8022
3808
5584
5539
2601
1836
5873
4856
8844
125
9629
4478
7872
9832
4108
7984
9067
2086
7892
6541
615
7337
5843
6636
1017
4640
2323
9481
6828
6848
9935
6897
8135
9756
265
418
2270
9020
1683
7652
392
7609
6628
9899
1567
4881
7924
9257
3138
6704
1281
2431
538
2677
6414
4289
7388
2663
6727
8589
6291
603
673
3912
1646
9115
8551
4340
1404
3879
8134
4134
2954
4740
333
7981
2877
5098
9819
3615
8026
6553
9231
8436
7249
8286
282
6566
967
6309
9656
1669
5256
3294
1359
6685
9865
5658
8989
5973
8161
8048
5663
1926
1245
9204
7445
1935
977
2597
2837
9945
1214
3201
2726
2914
7381
5770
4451
7819
1110
7566
4163
7936
1684
1127
8871
3089
9351
6096
8828
1893
2437
1777
5813
898
2254
6356
3646
6342
7974
3382
8066
2893
3783
2131
864
1367
7697
4915
9836
3130
3708
1422
6672
5527
7533
1813
3599
6772
2780
1464
5626
9580
4609
7795
1527
5314
727
27
5937
9175
5943
2172
9530
7102
6713
8287
1845
9775
7333
8000
9122
8375
5793
35
360
2529
8063
3652
5336
7465
3194
7181
4747
1153
9187
4802
5846
6743
6671
7577
3837
9373
8333
9761
4786
5459
3957
3228
2034
1905
6199
5099
6987
5625
7276
439
2454
2343
5359
9074
1181
788
9441
8620
2400
5039
2467
2966
3318
897
4930
6394
2004
1548
7078
2002
4265
2776
6102
3132
6131
4226
1183
2495
5317
6216
7874
1111
7148
4190
6059
4975
8613
1490
2820
3946
787
6752
8198
794
63
8205
9424
597
309
25
3073
8647
2859
5595
1488
1108
8220
3840
403
821
2170
2448
8309
9055
9538
9120
8639
6235
9888
2195
6295
7085
4541
4401
2389
3719
978
209
543
2361
2305
8018
9081
1304
2621
472
1803
7099
1290
9472
7969
1766
9062
1801
3351
9875
2344
4605
7484
19
7545
79
4376
8202
9507
7435
5315
1967
8568
9847
21
7091
7113
1557
375
8756
607
270
7003
1155
9720
5029
1835
7230
7740
7565
8635
327
133
7235
4745
9131
9572
5136
3974
6338
8348
6443
4146
8353
3941
6786
1310
1189
9071
6923
5063
5012
1727
7405
5093
3933
8765
2348
6430
5476
6652
1046
9184
1074
9961
2139
2421
9192
5503
9343
4742
5042
5493
4722
6545
734
7633
8492
4661
1306
6241
3671
3373
6383
1954
4082
4375
9157
3489
7274
3869
1381
877
5816
7043
6317
3269
4796
6604
5024
1081
3302
6592
8314
6790
9542
9831
7521
9385
6424
335
3529
2311
4215
1059
5347
7515
8733
840
3968
9988
4078
8332
5940
2679
9022
4364
8597
4805
7739
2721
6983
5091
4874
5046
7502
3815
5000
1161
8299
2798
492
7803
9252
6
425
6460
2278
5144
3097
6679
7294
9552
291
4872
7631
6539
6492
7370
963
5068
2714
4537
4042
2792
9537
5445
7126
1080
8290
2458
2070
6250
8522
7745
7605
5224
8024
3143
965
6760
8292
6817
3889
4201
2212
2672
1424
1235
1736
9228
8208
8797
3069
6555
2931
2522
906
4028
2596
2531
8174
2141
9365
6609
7444
7973
4300
3855
9578
8569
8412
1910
2816
1664
486
4292
4687
9447
1278
4149
7997
8831
8770
9223
3682
2236
3890
3830
8675
8122
9749
1667
8038
1714
9208
1009
812
8360
962
3407
8186
950
9133
4038
8117
9760
5143
3417
1826
6797
9334
2768
3317
1522
8802
3816
4846
3640
9921
8867
5518
972
9653
952
2942
2880
1129
5859
1508
7723
8659
7170
3353
4437
1562
3177
5481
456
2380
8168
854
121
5563
9161
4264
861
2250
8835
6016
2697
8699
28
72
2041
5713
9587
9277
5001
2763
9883
7378
9162
4618
4024
3325
5587
2424
5661
47
7225
9438
4482
9893
4208
6813
4408
847
6064
5070
5400
3619
8968
9858
2761
8860
3966
4139
7217
2968
7829
8881
9721
7928
9070
7689
9263
6041
9920
2388
226
9038
189
9142
6097
5408
4764
7413
7617
7310
6474
1887
7592
1173
8421
4507
1754
7117
8582
9985
1150
7661
6982
9758
338
4485
3372
8922
6944
5365
3080
804
2084
1920
8796
7862
3213
8742
4704
5151
933
7132
8394
5465
1176
8788
1303
2452
8136
9114
6271
730
4005
3134
5416
1026
5726
9850
9795
8669
4730
6246
2318
5167
4582
3637
3158
450
7851
1403
7987
4782
6139
1921
2331
3379
1282
8185
599
4594
9345
7372
7621
7736
7067
7637
2738
2375
2972
3657
693
1917
1699
8246
1605
501
537
8144
7324
613
9141
8534
7569
3245
7522
5870
5869
2581
2297
9940
4057
4133
8603
8818
7045
5475
4459
6556
3119
7070
3915
4997
4581
7820
3791
8757
3199
9144
7942
7427
1666
6773
3829
7047
2049
8129
70
6015
522
3284
197
8606
4634
185
3272
168
9361
4182
5004
7242
7255
6567
551
2450
5195
6512
6763
306
194
1530
5729
2922
364
7243
6219
5011
6624
356
4688
3289
4465
1156
3645
6889
9185
1682
8676
686
4851
8478
7478
9910
2921
5511
7167
8855
7916
1991
2628
9627
8163
4272
7587
3068
2371
11
5889
9738
7096
3450
4494
455
5211
2080
2950
6431
8285
6523
7832
1243
1614
8485
7728
8942
5131
4273
6831
2803
4302
692
1625
6444
8115
4981
6625
3189
6560
5101
3340
9855
1874
9461
5911
7416
3905
6296
6996
446
1364
1034
2980
5552
8260
9994
3377
4557
4453
4744
1188
8586
1794
4105
4283
1079
2901
7355
7491
8428
3181
7861
3559
4725
594
4732
4318
2530
6911
8865
2185
7804
5611
6413
4683
9021
283
3707
9726
204
5796
6733
7747
9174
6914
9790
5349
7807
7456
3898
7680
4946
8842
8180
4524
2055
5453
8732
8159
6377
8679
8965
8172
6517
1725
8996
6513
9390
8810
533
5460
9634
6633
7578
117
8695
9059
2598
5631
6030
6419
7772
393
7436
6224
2443
8992
559
6619
1715
3241
5961
5994
9311
9862
9712
9953
3409
7713
3720
4929
9178
8303
1065
8521
7901
9508
6286
2060
777
2720
4949
5761
7112
4117
6218
4884
4570
9774
1791
5435
4775
3767
1961
9624
1284
8102
846
1609
8873
5095
3608
8515
755
6861
4789
1519
9098
6203
9757
5705
7541
5716
2393
9085
8340
7765
4616
2610
9722
3395
2517
7703
8539
4670
1228
2573
4869
6331
3002
5987
2909
7630
9620
9129
4475
5576
3712
5688
9679
1704
1729
7657
6981
8693
2234
2710
5919
7536
3607
4286
8434
4036
9322
7031
9451
300
4285
7079
6188
782
3033
6416
6747
7818
2229
464
2498
378
7639
8976
1730
2622
955
9987
5097
7160
9879
3598
3329
653
6784
7855
2136
5725
7894
882
1036
3678
2409
5183
1843
4800
2692
5924
8010
6972
8595
4381
2224
8554
674
7263
2751
8570
3402
6189
242
1573
8381
7052
4284
5073
2159
1720
3711
3751
9452
8071
1903
1047
6547
307
4996
4374
5888
7026
5272
5018
2042
4962
2840
2591
4361
3399
8834
9411
7425
6651
2248
4007
365
1097
6017
1955
2705
1610
2869
7157
9640
7367
82
8587
8786
9606
4940
4135
5838
9240
6006
959
9731
507
1048
2088
3029
6362
5739
5786
7701
1163
8211
8138
5016
8754
9809
3562
2571
6666
3833
2958
4161
8429
4203
3631
8502
8187
8061
1578
7200
1568
4484
8604
4162
3348
6690
9997
3950
432
9984
7589
1267
2908
8119
5887
1362
2911
9562
7135
8964
1526
4806
7197
8326
9172
5747
6738
5286
3240
5782
8322
871
3525
3330
8540
6337
6748
1038
9583
3225
9613
6593
1022
1865
4982
2967
4106
101
7171
8889
7702
2952
192
7938
3549
2536
5387
1441
1904
6456
9143
5596
9515
2235
7996
20
3605
5999
3513
1885
2801
7759
1628
8685
7513
1999
9336
5023
8906
5198
5555
8352
3775
7360
6325
488
2983
7794
7358
684
7290
4251
5240
5612
2521
7824
7392
7833
7374
8910
6774
3476
8863
7560
7153
9401
4753
3295
3206
3516
7978
173
9698
9939
8475
6536
4628
579
9630
3456
3907
6469
9793
1732
3169
7575
7
1482
8
182
893
9601
548
4936
8778
9913
1128
8243
8711
9363
9353
322
9086
6209
1997
1656
583
7989
6683
4893
619
8280
4449
2553
6162
434
2685
8064
6008
3928
8717
1087
8759
1668
5429
8365
915
7777
843
8308
5978
3809
9675
413
3163
1251
1429
9271
1363
3570
6479
5171
5086
4720
8011
883
9307
5304
4256
1413
2750
